20110304,43.5500,44.3400,43.1000,44.0300,11127700
20110307,42.9300,43.6100,42.1600,43.5300,8236300
20110314,41.2300,42.6800,40.4200,42.6400,13000480
20110321,42.9700,43.2400,40.8700,41.4600,8132680
20110328,42.8500,43.4800,42.3600,43.1900,6818320
20110404,41.7600,43.0500,41.4000,42.8700,7802940
20110411,41.5200,42.0200,40.8400,41.7600,8163080
20110418,42.2700,42.4600,40.4600,40.9700,7285075
20110425,43.1000,43.3500,41.7200,42.3400,6022940
20110502,43.0600,43.7900,42.3000,43.4700,7064720
20110509,41.5200,44.1300,40.9400,43.3200,15760359
20110516,41.5000,41.8400,40.6800,41.2600,10187860
20110523,41.5200,41.6700,40.5500,41.1500,8632900
20110531,39.3800,41.9900,39.1700,41.9000,13041550
20110606,38.5000,39.8800,38.4200,39.1800,9816420
20110613,38.0400,38.8600,37.7700,38.6300,10901880
20110620,37.5800,38.8900,37.1900,37.8500,10080880
20110627,39.7200,39.8600,37.4700,37.6200,9816060
20110705,39.9100,40.1800,39.2000,39.7700,10726175
20110711,39.2700,39.8400,38.9800,39.4900,13011360
20110718,40.6500,40.9700,38.4600,39.1200,9323960
20110725,38.6200,40.8900,38.5000,40.2500,10789640
20110801,35.1800,38.7500,34.4000,38.7300,15821080
20110808,33.0900,34.7500,29.6000,34.0600,41125020
20110815,31.8500,33.8000,31.8200,33.4300,18373960
20110822,32.4000,32.8300,31.3300,32.4200,16011859
20110829,32.4600,34.3300,32.4100,32.7200,10821800
20110906,31.0400,32.6800,30.7300,31.4600,13124550
20110912,32.9100,33.2900,30.5200,30.6900,11589500
20110919,29.8300,32.8800,29.0500,32.3800,15979680
20110926,30.1600,31.7100,29.6800,30.0600,13717859
20111003,31.7000,32.3700,28.1900,30.0300,15090480
20111010,34.4700,34.5300,32.2400,32.3600,11134920
20111017,35.1600,35.1600,33.1300,33.8300,9894940
20111024,36.2100,36.6000,34.0900,35.2400,9370360
20111031,34.7600,35.7900,33.3100,35.7200,9551780
20111107,36.7000,37.4200,33.6500,34.8600,12825300
20111114,35.6300,37.0000,34.8000,36.3300,19886120
20111121,33.5100,35.6300,33.2800,35.4800,17055576
20111128,36.6100,36.8300,33.7600,34.2700,10680180
20111205,36.5600,37.3700,35.8200,37.0400,8659140
20111212,35.3200,37.1200,34.9900,36.2000,12729980
20111219,37.7000,37.7200,34.5100,35.3900,8929100
20111227,37.5000,37.8000,37.1700,37.6100,4905600
20120103,39.9100,40.1500,37.9400,37.9700,12080700
20120109,38.4000,40.2500,38.0200,39.7400,12484960
20120117,39.3100,39.4700,38.4000,38.6900,8587050
20120123,39.2500,39.7500,38.5700,39.3800,8667320
20120130,40.0000,40.0000,38.3800,38.7400,10457280
20120206,41.4500,41.9100,39.9600,40.0000,15406259
20120213,41.7500,41.9200,41.0800,41.6200,8078100
20120221,41.3100,41.9000,41.0900,41.8000,6068225
20120227,42.3600,42.5400,41.3000,41.7000,8790520
20120305,42.2400,42.7700,41.7000,42.3500,8115400
20120312,43.1900,44.0800,42.1500,42.5300,9590680
20120319,43.6500,43.8700,42.8600,43.0700,7979520
20120326,43.7800,44.5000,42.3000,43.9400,9827220
20120402,43.0800,44.0000,42.4800,43.5900,7637925
20120409,41.8500,42.2700,40.8800,42.1300,7340820
20120416,42.3500,42.8400,41.5400,42.0600,6257760
20120423,43.3500,43.6500,41.7300,42.2500,6108040
20120430,42.9300,44.1300,42.8400,43.3200,8230860
20120507,45.5600,45.8000,43.0900,43.6500,15334380
20120514,43.8100,45.8000,43.6200,45.1700,9140260
20120521,44.5000,44.9600,43.5100,43.8100,8474860
20120529,44.4000,46.1000,44.3400,44.7000,12822425
20120604,46.2400,46.2500,44.1400,44.4700,10219320
20120611,47.0900,47.4500,45.5800,46.3500,9344000
20120618,47.4700,48.0000,46.8000,46.9600,10650820
20120625,48.5000,48.9500,46.5500,47.2200,7403740
20120702,48.0400,48.7500,47.7000,48.6200,5932400
20120709,48.1900,48.3800,46.8500,48.0600,7268540
20120716,48.5900,49.9200,47.6900,47.9600,9415140
20120723,49.9400,50.5400,47.4200,47.7700,10198820
20120730,49.7700,50.1400,48.1300,49.9500,8784120
20120806,49.6500,50.6500,49.0500,49.9700,10526900
20120813,50.4600,50.5500,49.4600,49.5300,6153680
20120820,49.5600,50.5900,49.0100,50.3200,6520340
20120827,49.4700,50.1700,49.2900,49.4900,6961320
20120904,51.7400,52.0000,49.2300,49.5200,10681550
20120910,52.3500,52.7500,51.2700,51.6100,8380580
20120917,52.7400,53.3900,51.7700,52.3200,8920760
20120924,52.2800,53.4000,51.7700,52.6700,6718340
20121001,52.9700,53.1500,51.4700,52.3100,6431740
20121008,50.5900,52.5000,50.2000,52.3700,7312380
20121015,51.9000,52.7400,50.3600,50.5900,6880360
20121022,50.0800,52.0500,49.5200,51.8100,7177240
20121031,49.8600,51.2400,48.8000,51.1500,15104433
20121105,47.0600,50.8600,46.5300,50.8100,14228120
20121112,47.4200,48.4200,46.9600,47.4900,11128100
20121119,49.2600,49.2800,47.4500,47.7000,6523600
20121126,49.6600,49.9400,47.8400,48.9800,8276160
20121203,49.2400,50.0000,48.5600,49.7700,7217340
20121210,48.6700,50.0700,48.5500,49.2100,6994640
20121217,50.0000,51.0600,48.6700,48.7200,11427600
20121224,49.1500,50.2000,48.9000,49.9200,5226550
20121231,52.1900,52.3400,48.8000,48.8900,9552925
20130107,50.5800,51.7600,50.4500,51.7600,8349020
20130114,52.3400,52.7000,50.1800,50.4000,8520620
20130122,54.3800,54.8700,52.1800,52.3900,10506325
20130128,54.5900,54.8700,53.5300,54.2800,8325580
20130204,54.6600,55.5000,53.4100,54.1600,13220980
20130211,55.6100,55.6200,54.5900,54.6500,9433200
20130219,54.2500,55.9500,53.9300,55.5800,7661825
20130225,55.3300,55.3700,53.5900,54.6000,7645700
20130304,57.3900,57.5100,55.0000,55.1600,6393880
20130311,57.5800,57.8200,56.7000,57.3900,7844080
20130318,56.7800,57.1900,55.7600,57.0800,6139480
20130325,56.8000,57.1100,55.8700,57.0000,6413775
20130401,57.7000,57.7500,56.1500,56.8900,6969160
20130408,60.5500,60.7300,57.7600,57.8300,8974780
20130415,61.5600,61.5600,58.8400,60.2600,10512000
20130422,61.8700,62.9000,61.1500,61.5900,6724500
20130429,64.8000,64.8500,62.4400,62.8200,7529440
20130506,67.2000,67.4300,64.5100,65.0900,12512180
20130513,66.5800,67.8900,65.6800,66.9600,8085900
20130520,65.4900,66.7100,64.2400,66.5800,7555420
20130528,63.0800,67.1100,63.0700,65.9800,9891900
20130603,64.8500,64.9300,62.0400,63.0600,8404020
20130610,63.8000,64.9700,62.5200,64.9100,6348840
20130617,62.7300,65.5500,61.8200,64.3000,8602200
20130624,63.1500,64.5200,61.8200,62.2500,6885560
20130701,63.8200,64.9200,62.5700,63.8400,6227425
20130708,66.9800,67.0000,64.1600,64.2800,6243500
20130715,65.1600,67.3600,64.7600,67.0200,6591760
20130722,64.9800,65.3300,64.1100,65.1500,5238460
20130729,66.5100,66.5900,64.1000,64.8000,5921640
20130805,64.7300,67.1600,64.1200,66.5000,10510900
20130812,62.1700,64.4300,61.7100,64.2600,7539320
20130819,61.7300,62.3900,61.0900,62.1500,5769120
20130826,60.8300,62.1100,60.4100,61.7600,6039120
20130903,61.3900,61.9900,60.5200,61.4200,8676750
20130909,66.6900,67.0300,61.2700,61.6000,12345800
20130916,65.0100,67.6500,64.9100,67.3200,13394759
20130923,65.1900,65.4800,64.2000,65.0400,7279600
20130930,65.3000,65.4300,63.8300,64.7300,6674660
20131007,66.2100,66.5900,63.1000,64.8100,7527140
20131014,67.1500,67.2700,65.7800,65.8800,6933700
20131021,69.2600,69.8700,67.1600,67.2700,6245940
20131028,69.0100,69.4800,67.9300,69.3500,5090040
20131104,68.5800,69.6200,66.7200,69.4100,8622620
20131111,70.0000,70.1700,67.3000,68.4800,6130540
20131118,70.2000,70.3300,69.0400,70.0600,4719740
20131125,70.5400,71.6900,69.6000,70.5400,6231925
20131202,71.4600,71.4900,69.3200,70.7900,6218420
20131209,69.6200,72.1300,68.8000,71.3600,7529820
20131216,72.4000,73.5600,69.8300,69.9100,8160980
20131223,74.3500,74.7800,72.6600,72.8900,4242600
20131230,76.1100,76.7000,74.8900,74.9900,5633200
20140106,75.3900,76.8400,74.3200,76.5300,7296660
20140113,73.9800,75.1300,73.0500,74.9000,6747080
20140121,72.7200,75.4300,72.7200,73.9900,6979500
20140127,72.6100,73.6300,71.1200,72.4700,7365460
20140203,75.6700,76.7300,69.8500,72.6600,13223780
20140210,79.2300,79.4700,75.5700,75.6700,7250760
20140218,80.1300,80.4500,78.8000,79.5000,6790375
20140224,80.8100,81.5900,79.5900,80.5000,6085120
20140303,82.2100,83.6500,78.8500,80.3000,7486600
20140310,80.0700,82.4300,79.5700,82.1800,7016980
20140317,80.3500,82.3000,79.7600,80.5000,6577780
20140324,78.9900,80.9300,77.2800,80.7100,7112500
20140331,80.4300,82.8500,79.6600,79.7000,6660360
20140407,77.0100,80.9200,76.8100,80.4200,8491000
20140414,79.9900,80.2200,76.3100,77.7000,6487475
20140421,78.2300,80.0600,78.1600,79.9600,5586180
20140428,80.3100,80.5500,76.8800,78.7600,6553540
20140505,81.9500,82.4400,79.8000,80.4200,8581480
20140512,80.3900,82.9400,79.2100,82.0800,6136500
20140519,83.3200,83.3600,80.1400,80.4300,4977760
20140527,84.0100,84.3900,83.2500,83.5600,5681050
20140602,84.6100,84.9900,83.3100,84.2700,5106820
20140609,82.8000,85.8600,81.8000,84.6000,5308720
20140616,82.8200,84.0800,82.5600,82.6400,5930720
20140623,85.3000,85.3900,82.3200,82.8500,8251820
20140630,86.8400,86.9800,85.0700,85.4400,5062400
20140707,86.8900,87.6100,85.6800,86.6100,5641660
20140714,85.8100,87.6300,84.8700,87.4600,6659580
20140721,86.2300,86.9600,85.5000,85.8100,4452440
20140728,85.3800,87.3000,85.2100,86.4300,6084260
20140804,86.8500,87.6200,85.2300,86.1700,8342720
20140811,89.2800,89.4700,86.7800,87.0700,6104040
20140818,90.4900,90.9000,89.5800,89.6600,4499260
20140825,89.8800,91.1400,89.3300,90.9500,3646120
20140902,90.9400,91.2000,90.0100,90.1800,4835450
20140908,89.6700,90.8400,88.7500,90.7600,4432300
20140915,90.4900,91.1500,89.4600,89.7400,6203840
20140922,88.7400,90.6100,87.9100,90.4900,5925920
20140929,88.4500,89.5400,84.6500,88.1200,7225140
20141006,86.2700,89.1800,85.4000,88.7900,7734980
20141013,83.8300,86.3900,78.5400,85.9200,13017920
20141020,88.6100,88.6600,84.1500,84.2300,7793960
20141027,91.3800,91.9800,88.2400,88.4700,5508780
20141103,90.0000,92.0000,88.6500,91.2400,9302460
20141110,90.8000,90.8500,88.9500,90.2400,5738640
20141117,88.9600,90.7800,88.7500,90.5000,6460940
20141124,92.5100,92.9600,89.3200,89.3200,5591925
20141201,93.7600,93.9800,92.1000,92.6300,6017220
20141208,91.4900,94.5000,90.6600,94.2100,8533380
20141215,92.8900,93.2000,90.1300,92.0300,8481500
20141222,95.0300,95.3100,93.2200,93.3900,4542575
20141229,93.7500,95.9300,92.8500,94.7400,4434225
20150105,94.2500,95.2700,91.1600,93.2800,7474540
20150112,95.1800,96.4300,93.2900,94.6900,6845820
20150120,94.7200,95.5300,93.7500,95.2200,6773550
20150126,90.9600,95.0000,90.8300,94.4500,6985860
20150202,102.0200,102.9900,90.0600,91.3000,15385341
20150209,104.1700,104.4100,101.0700,101.8000,5809740
20150217,104.5500,104.6900,102.7300,104.2300,4702650
20150223,104.0800,105.9800,103.9600,104.7600,5088740
20150302,103.8200,106.6400,103.4900,104.3500,4987720
20150309,106.4400,107.3300,102.8700,103.9400,6985600
20150316,108.4300,108.9400,105.7300,106.8400,6002600
20150323,105.4800,108.8500,104.1000,108.6000,5674280
20150330,106.0000,106.9500,104.2500,106.0600,4825575
20150406,106.9500,107.1000,105.0400,105.3100,4060280
20150413,106.6900,108.3000,106.0400,107.0700,5988140
20150420,109.5300,110.4800,106.9700,107.8300,5814700
20150427,110.5200,111.6600,107.6800,111.5000,7160740
20150504,110.1100,113.3000,108.7200,111.4800,9142520
20150511,110.3000,110.6900,107.6700,110.1400,5545820
20150518,110.2600,110.9900,109.9000,110.4700,4592060
20150526,110.3700,110.8500,108.7600,110.1700,4652975
20150601,110.3000,111.8200,109.8000,111.4800,5157360
20150608,109.9500,110.9600,107.6500,110.0300,5590960
20150615,112.6200,113.5500,108.9300,109.2700,6168080
20150622,114.9900,115.2800,113.2700,113.4000,6653720
20150629,114.9700,115.6700,113.0000,114.1600,6387450
20150706,116.4400,117.4300,114.2700,114.4700,7344620
20150713,118.8600,119.1500,117.2500,117.7500,5783000
20150720,118.9100,119.9000,118.5700,119.2900,4755760
20150727,120.0000,120.7200,117.7800,118.6300,5581500
20150803,109.3500,122.0800,104.2400,120.8800,31005860
20150810,107.1600,111.0000,105.5100,110.0000,11794700
20150817,98.8400,109.2800,96.6100,107.3000,18997380
20150824,102.4800,103.3400,90.0000,93.3800,18306380
20150831,100.9700,103.0300,99.1600,102.3000,10609220
20150908,104.4800,104.9500,101.3300,102.9500,9176225
20150914,102.8400,105.9500,101.8300,104.6500,8798580
20150921,100.3000,103.8300,99.2400,103.6800,7837400
20150928,103.0000,103.4700,97.7700,99.9000,8700900
20151005,105.5600,106.0500,102.6100,103.7000,6918660
20151012,108.2400,108.5000,105.2300,105.9100,6312820
20151019,113.0900,114.2100,107.9400,108.2500,8880680
20151026,113.7400,115.4000,112.1200,113.0700,6533360
20151102,115.6700,116.8300,110.8100,114.4900,13293900
20151109,114.8400,117.5800,114.3800,115.9000,7848160
20151116,120.0700,120.2500,113.3400,113.4700,7174380
20151123,115.1300,120.6500,113.7000,120.3000,8952025
20151130,114.2400,115.5800,111.4400,115.5600,10492420
20151207,108.0400,114.5600,107.6200,114.5600,8495660
20151214,107.7200,114.7500,107.3500,108.6800,14393020
20151221,105.8600,110.1000,104.3000,108.8000,11979200
20151228,105.0800,108.2000,105.0600,106.5000,7217500
20160104,99.2500,103.4300,98.5200,103.1200,13451220
20160111,93.9000,101.8800,93.4600,100.2100,12594220
20160119,96.9000,97.4200,90.4200,95.0000,13593750
20160125,95.8200,96.6800,92.3700,96.4200,7260640
20160201,93.9000,96.7300,92.4200,95.0800,8397440
20160208,91.1500,93.2000,86.2500,92.5600,17897160
20160216,95.0100,96.4500,91.7900,92.4700,9161400
20160222,95.3100,97.0000,93.2300,95.0100,5965620
20160229,97.6500,97.6600,95.2300,95.3100,6869100